inputs = $QCD0to15:5.15628e+10
	 QCD15to20:9.49441e+08
	 QCD20to30:4.00982e+08
         QCD30to50:9.47025e+07
	 QCD50to80:1.21959e+07
         QCD80to120:1.61724e+06
         QCD120to170:2.55987e+05
         QCD170to230:4.8325e+04
         QCD230to300:1.06232e+04
         QCD300to380:2.63494e+03
         QCD380to470:7.22099e+02
         QCD470to600:2.40983e+02
         QCD600to800:6.24923e+01
         QCD800to1000:9.42062e+00
         QCD1000to1400:2.34357e+00
         QCD1400to1800:1.568550e-01
         QCD1800to2200:1.3811e-02
         QCD2200to2600:1.29608e-03
         QCD2600to3000:1.1404e-04
         QCD3000to3500:8.4318e-06
         QCD3500toINF:1.8146e-07

datapath = /data/schiefer/22X/JRA/JRAt
