datapath = /data/schiefer/22X/JRA/JRAt

inputs = QCD15to20:9.49441e+08
	 QCD20to30:4.00982e+08
         QCD30to50:9.47025e+07
	 QCD50to80:1.21959e+07
         QCD80to120:1.61724e+06
